cores,resolution,time
1,0.005,14.723533547667708
1,0.005,15.226890543467986
1,0.005,14.947953609901015
1,0.005,16.544661096167207
1,0.005,14.931265677249758
1,0.005,15.013588147082677
1,0.005,14.936998897732702
1,0.005,15.547355787882891
1,0.005,14.940962984851407
1,0.005,15.493675698266209
1,0.01,7.439966850234971
1,0.01,7.574564841333388
1,0.01,7.5625632419328515
1,0.01,7.42827748133374
1,0.01,7.429016548965592
1,0.01,7.636094262782717
1,0.01,7.519193100682847
1,0.01,7.624900801949358
1,0.01,7.591650931583717
1,0.01,7.394286045032398
1,0.02,3.742973120632814
1,0.02,3.6792797480671044
1,0.02,3.811144544483007
1,0.02,3.6964355931500905
1,0.02,3.9155107802827844
1,0.02,3.7266597416833975
1,0.02,3.7211434789176563
1,0.02,3.8468178141183063
1,0.02,3.872951967298286
1,0.02,3.734080130267345
1,0.04,1.8634521416485466
1,0.04,1.850305818700387
1,0.04,1.840097979134104
1,0.04,1.8381895053510864
1,0.04,1.8590830097498838
1,0.04,1.849053436766068
1,0.04,1.8825513231994895
1,0.04,1.8379321491500984
1,0.04,1.9027614346006885
1,0.04,1.8537568881331632
1,0.08,0.9198879301004733
1,0.08,0.934672435883355
1,0.08,0.9248320714007908
1,0.08,0.9174814610994265
1,0.08,0.9165089022484608
1,0.08,0.9651670162818239
1,0.08,0.9139044994333138
1,0.08,0.9145704522321466
1,0.08,0.9120645314163994
1,0.08,0.9097413585851124
1,0.16,0.47107216326791485
1,0.16,0.4628614553832449
1,0.16,0.44796852375147866
1,0.16,0.48820767806804116
1,0.16,0.48625681305032536
1,0.16,0.4643900175501282
1,0.16,0.4462989451829344
1,0.16,0.4637144851323683
1,0.16,0.4577538996333412
1,0.16,0.4597483839335231
2,0.005,7.458664420767066
2,0.005,7.508884231666646
2,0.005,7.430146867166816
2,0.005,7.5728249489329755
2,0.005,7.612804696516832
2,0.005,7.477956565032946
2,0.005,7.5880770689846635
2,0.005,7.448589343515535
2,0.005,7.548739904149746
2,0.005,7.620472224632977
2,0.01,4.181468878083009
2,0.01,3.7051609716999034
2,0.01,3.734579339582706
2,0.01,3.7143550927498534
2,0.01,3.688031128483514
2,0.01,3.711700784632315
2,0.01,3.7515241886333874
2,0.01,3.813907282300837
2,0.01,3.765005789650604
2,0.01,3.70934271083291
2,0.02,1.845557848950072
2,0.02,1.8384283080832877
2,0.02,1.8641139341324258
2,0.02,1.96789079378359
2,0.02,1.867149438301567
2,0.02,1.8688448245675924
2,0.02,1.8687673484654321
2,0.02,1.9062836691659564
2,0.02,1.8685263130173553
2,0.02,1.9106345535993265
2,0.04,0.9435068807506468
2,0.04,0.904870343299505
2,0.04,0.9417133426507159
2,0.04,0.920582347966653
2,0.04,0.9188605499337428
2,0.04,0.9261406338502032
2,0.04,0.9184276657004375
2,0.04,0.9855746695344957
2,0.04,0.9216540082668264
2,0.04,0.9305867302173283
2,0.08,0.4604071090987418
2,0.08,0.4589905451672773
2,0.08,0.4630729836508787
2,0.08,0.47916431409927707
2,0.08,0.4597064972680528
2,0.08,0.46432153083151206
2,0.08,0.46720865336634837
2,0.08,0.46207999378287545
2,0.08,0.461674616165692
2,0.08,0.4627318919849737
2,0.16,0.22568413326710773
2,0.16,0.23261868880169156
2,0.16,0.23123801333325295
2,0.16,0.23458867371664383
2,0.16,0.22975182565084348
2,0.16,0.2307467143672208
2,0.16,0.22760087414838684
2,0.16,0.2304427275666967
2,0.16,0.22880740025041935
2,0.16,0.2292012237672073
3,0.005,5.119917746949553
3,0.005,5.0027119711507115
3,0.005,5.041725222283276
3,0.005,5.111483837433237
3,0.005,5.022117182699731
3,0.005,5.053138271249676
3,0.005,5.051182184149123
3,0.005,5.022539461799897
3,0.005,5.0457800204011924
3,0.005,5.1251841406493135
3,0.01,2.574772318316779
3,0.01,2.5219062817166558
3,0.01,2.5656301638829366
3,0.01,2.6009453278830432
3,0.01,2.5261207035994935
3,0.01,2.496142684284132
3,0.01,2.4963647041159374
3,0.01,2.503295692432827
3,0.01,2.5637911580173145
3,0.01,2.575542797082259
3,0.02,1.2418336276488844
3,0.02,1.299005341650142
3,0.02,1.2408039424160962
3,0.02,1.252931678200063
3,0.02,1.2556992378163463
3,0.02,1.289828237782543
3,0.02,1.2508247497336318
3,0.02,1.2473198694176972
3,0.02,1.252786409916977
3,0.02,1.2377099566840721
3,0.04,0.6204934922823061
3,0.04,0.6232052824848021
3,0.04,0.6231034396332689
3,0.04,0.6122392934824651
3,0.04,0.6239309627679177
3,0.04,0.6451940003666096
3,0.04,0.6375113151482462
3,0.04,0.613412504066946
3,0.04,0.6191933702328243
3,0.04,0.6545422036317177
3,0.08,0.29858950480120255
3,0.08,0.3106502989016008
3,0.08,0.3113753122840232
3,0.08,0.3058479778177571
3,0.08,0.31106797221582383
3,0.08,0.3111429079513376
3,0.08,0.3095563032994202
3,0.08,0.3157365782671453
3,0.08,0.32834099281656864
3,0.08,0.3155119940172881
3,0.16,0.15500900153225908
3,0.16,0.15319248726591467
3,0.16,0.15522913173384342
3,0.16,0.15516966880143931
3,0.16,0.15737136775084462
3,0.16,0.15193948808397786
3,0.16,0.1534777624338555
3,0.16,0.15736046965078762
3,0.16,0.15337047535188805
3,0.16,0.16215072710183448
4,0.005,3.810737511482633
4,0.005,3.7341621315999265
4,0.005,3.7872496752165414
4,0.005,3.804221198783489
4,0.005,3.779052068950841
4,0.005,3.7681092616849736
4,0.005,3.8513823799342695
4,0.005,3.8019454384668885
4,0.005,3.7440815961667493
4,0.005,3.8726969256841888
4,0.01,1.882743482850492
4,0.01,1.8882734034656703
4,0.01,1.8875797136841963
4,0.01,1.9194407487326923
4,0.01,1.9193538804169898
4,0.01,1.8698471130997254
4,0.01,1.8554202682998342
4,0.01,1.8797945640340914
4,0.01,1.8864118677156512
4,0.01,1.9267185527326849
4,0.02,0.9241768630822965
4,0.02,0.945028418667304
4,0.02,0.9305242305834933
4,0.02,0.9285232811331904
4,0.02,0.9355975927998467
4,0.02,0.9500816361998052
4,0.02,0.9181598379664744
4,0.02,0.934671786382872
4,0.02,0.9722649597330019
4,0.02,0.9396078167483211
4,0.04,0.46645879473459595
4,0.04,0.4769307916324275
4,0.04,0.4574596792672916
4,0.04,0.46522531235047304
4,0.04,0.46015496279966706
4,0.04,0.4815408016341583
4,0.04,0.46557758150156586
4,0.04,0.4623038030830988
4,0.04,0.46647615608332366
4,0.04,0.46011477288169167
4,0.08,0.23339835329873798
4,0.08,0.23641932838169546
4,0.08,0.23580157109924282
4,0.08,0.2278935570832497
4,0.08,0.2294151866672716
4,0.08,0.2334762992337346
4,0.08,0.22647515705126958
4,0.08,0.23473067299928516
4,0.08,0.26547356918260145
4,0.08,0.23707433803356254
4,0.16,0.11639545663298728
4,0.16,0.11639480646699667
4,0.16,0.11445213440068376
4,0.16,0.11566933111753315
4,0.16,0.11865479301583642
4,0.16,0.11513391846674495
4,0.16,0.11540355180040933
4,0.16,0.11771250718350833
4,0.16,0.11393898679913643
4,0.16,0.11592396978327695
5,0.005,2.9828321770338033
5,0.005,3.024648204765981
5,0.005,3.0125997962837574
5,0.005,3.032959099300206
5,0.005,3.16165653890154
5,0.005,2.9833877152996138
5,0.005,3.0156054761163733
5,0.005,3.055880617299893
5,0.005,3.0741053829008402
5,0.005,3.0432347632498327
5,0.01,1.5044992598996032
5,0.01,1.4850163062665767
5,0.01,1.510895716501788
5,0.01,1.5083472261826196
5,0.01,1.4921718094672543
5,0.01,1.496555427465743
5,0.01,1.50599136184901
5,0.01,1.50053130776505
5,0.01,1.507230638084002
5,0.01,1.5005875901668333
5,0.02,0.765056066015192
5,0.02,0.75630718676645
5,0.02,0.7563090307832074
5,0.02,0.7485573581497496
5,0.02,0.7598749759490602
5,0.02,0.7557527986335724
5,0.02,0.743144311067105
5,0.02,0.7865539719176013
5,0.02,0.7370287970329324
5,0.02,0.7352632845984772
5,0.04,0.3850294804666191
5,0.04,0.3730603048830138
5,0.04,0.3766464102664031
5,0.04,0.3662987747831115
5,0.04,0.4035846613657971
5,0.04,0.37974346001671316
5,0.04,0.3863147148163989
5,0.04,0.37916900901667155
5,0.04,0.3763250285332712
5,0.04,0.36900929611680716
5,0.08,0.18230187325001074
5,0.08,0.18177874778436187
5,0.08,0.18183779256651178
5,0.08,0.1908528069674503
5,0.08,0.18708110494966
5,0.08,0.18173411950119772
5,0.08,0.18112967533331054
5,0.08,0.1827197870996315
5,0.08,0.18826194209977984
5,0.08,0.18648953245137817
5,0.16,0.09278864521572056
5,0.16,0.09442650996691858
5,0.16,0.09166222295025364
5,0.16,0.09293870211695321
5,0.16,0.09377852903368572
5,0.16,0.09487586748242999
5,0.16,0.0951801393336306
5,0.16,0.09433056246683312
5,0.16,0.09546035543316975
5,0.16,0.0945912200162032
6,0.005,2.4814554721000603
6,0.005,2.4842487104838558
6,0.005,2.4752490363665856
6,0.005,2.47974086086809
6,0.005,2.5021110739345507
6,0.005,2.498539100950196
6,0.005,2.4947714919166173
6,0.005,2.493264746283724
6,0.005,2.503376657750535
6,0.005,2.4945974743168335
6,0.01,1.2750464636677254
6,0.01,1.2514950050332119
6,0.01,1.240027388817786
6,0.01,1.246290144751159
6,0.01,1.2459780675999355
6,0.01,1.2428948907841308
6,0.01,1.244489773849879
6,0.01,1.2536706065157583
6,0.01,1.256255404849071
6,0.01,1.2437967546167783
6,0.02,0.6272490424492086
6,0.02,0.6175917943667931
6,0.02,0.6441059529335083
6,0.02,0.6238280371840422
6,0.02,0.6173516664168953
6,0.02,0.6179252518166323
6,0.02,0.6256500348836804
6,0.02,0.6247329117167586
6,0.02,0.6318346721488827
6,0.02,0.6400072344151947
6,0.04,0.3090011250654546
6,0.04,0.3091066828987096
6,0.04,0.3103608820665007
6,0.04,0.3086447003666156
6,0.04,0.30878602690063417
6,0.04,0.30696128150060153
6,0.04,0.31399016531649976
6,0.04,0.3155247367161792
6,0.04,0.30613650784944185
6,0.04,0.30530201691629677
6,0.08,0.15757540480117313
6,0.08,0.15424373715068213
6,0.08,0.15508584316703491
6,0.08,0.15561375560161347
6,0.08,0.1570806478499435
6,0.08,0.15650821648305283
6,0.08,0.15479222493207392
6,0.08,0.15498665563451747
6,0.08,0.1500355548671602
6,0.08,0.1535546278988477
6,0.16,0.08416843664987633
6,0.16,0.07962472185026855
6,0.16,0.07761893389979377
6,0.16,0.07688718918167675
6,0.16,0.07835284461616539
6,0.16,0.07963397226606807
6,0.16,0.08233045966674885
6,0.16,0.07702798734923515
6,0.16,0.07533229566567266
6,0.16,0.0753467139652154
7,0.005,2.1421831290159994
7,0.005,2.1702407121503104
7,0.005,2.171907990666417
7,0.005,2.1398803683327667
7,0.005,2.1438612931000534
7,0.005,2.1548428573839677
7,0.005,2.168544038749921
7,0.005,2.165191676300795
7,0.005,2.139550726249581
7,0.005,2.205177664333799
7,0.01,1.0678357613990859
7,0.01,1.060821060933328
7,0.01,1.0775576373484606
7,0.01,1.0924024551330755
7,0.01,1.0684324611327611
7,0.01,1.0884897904664588
7,0.01,1.1268871224834585
7,0.01,1.0911407766999521
7,0.01,1.0716741498326883
7,0.01,1.076548452465795
7,0.02,0.5328415782171457
7,0.02,0.5657514198333956
7,0.02,0.5461514113820158
7,0.02,0.5353301526998014
7,0.02,0.5353934312006459
7,0.02,0.541374632549317
7,0.02,0.5242578263491547
7,0.02,0.5391957273493365
7,0.02,0.5424963249824941
7,0.02,0.5352256582506622
7,0.04,0.26994836756687923
7,0.04,0.26346828976723674
7,0.04,0.2651948669673099
7,0.04,0.26055651544981323
7,0.04,0.26994024164935887
7,0.04,0.26383089946660526
7,0.04,0.26939087514959587
7,0.04,0.27285752119884515
7,0.04,0.2771023338000911
7,0.04,0.26380287565019295
7,0.08,0.12994044021664497
7,0.08,0.13307519126683473
7,0.08,0.1354205964327169
7,0.08,0.1339080710837152
7,0.08,0.1325104087824002
7,0.08,0.13725451954912085
7,0.08,0.1314945258491207
7,0.08,0.13310003503380965
7,0.08,0.12946206748407954
7,0.08,0.13055895543269191
7,0.16,0.0701840458670631
7,0.16,0.06752307564990284
7,0.16,0.06747880518281212
7,0.16,0.06682298356705967
7,0.16,0.06763839436656174
7,0.16,0.06821958336707515
7,0.16,0.07084162798322116
7,0.16,0.06734147673317542
7,0.16,0.06694112798431888
7,0.16,0.06733041128415304
8,0.005,1.9270356025507984
8,0.005,1.8907868637664553
8,0.005,1.884926375548821
8,0.005,1.894065720384242
8,0.005,1.7307685285166372
8,0.005,1.7470766985847148
8,0.005,1.7423397202335764
8,0.005,1.7061807695000122
8,0.005,1.7038430373339604
8,0.005,1.699883103215446
8,0.01,0.8561214376493201
8,0.01,0.8671391106171844
8,0.01,0.8569887319676733
8,0.01,0.8462636826152448
8,0.01,0.8530584478498592
8,0.01,0.8410648017500838
8,0.01,0.859326673883091
8,0.01,0.8485680294669389
8,0.01,0.9177881126330855
8,0.01,0.8687651562834314
8,0.02,0.4305368069501128
8,0.02,0.4292084019999796
8,0.02,0.43107633509983617
8,0.02,0.42162114120049715
8,0.02,0.4207872305996716
8,0.02,0.4205861950176768
8,0.02,0.4425405142654199
8,0.02,0.4233634153167562
8,0.02,0.43956001431603603
8,0.02,0.4682447182169805
8,0.04,0.2111485891335178
8,0.04,0.2100966762828951
8,0.04,0.21067623163301807
8,0.04,0.20951170455082319
8,0.04,0.2120440432006338
8,0.04,0.21447196810040622
8,0.04,0.2142739662822957
8,0.04,0.21621523233285794
8,0.04,0.2398489805830953
8,0.04,0.21190013680025005
8,0.08,0.11431106668314897
8,0.08,0.10776008456596173
8,0.08,0.11057613968344716
8,0.08,0.10707297941553406
8,0.08,0.1074315377511084
8,0.08,0.10545114039947899
8,0.08,0.10592822048347443
8,0.08,0.10393168016647299
8,0.08,0.10413912190124393
8,0.08,0.1039371232172319
8,0.16,0.05360230686686312
8,0.16,0.056870555051136765
8,0.16,0.05283901914954185
8,0.16,0.05411861389875412
8,0.16,0.052801712532527745
8,0.16,0.053633007432411735
8,0.16,0.05350565479990716
8,0.16,0.05313361251804357
8,0.16,0.05336600093287416
8,0.16,0.05455411433164651
9,0.005,1.5326115613162983
9,0.005,1.587353451466576
9,0.005,1.528964245315486
9,0.005,1.525209936433627
9,0.005,1.5109378071831694
9,0.005,1.5265306878330496
9,0.005,1.5080121158835633
9,0.005,1.4945615987836693
9,0.005,1.5439920269166274
9,0.005,1.5430794809828512
9,0.01,0.7507073700990683
9,0.01,0.7573928489155757
9,0.01,0.7856980449170805
9,0.01,0.766718975334273
9,0.01,0.7974001299997326
9,0.01,0.7666696901995844
9,0.01,0.7493259622172143
9,0.01,0.7360901275998912
9,0.01,0.7503761243501988
9,0.01,0.7542312600514075
9,0.02,0.3893634952333135
9,0.02,0.4063534368663871
9,0.02,0.38289446793302584
9,0.02,0.37116036493292387
9,0.02,0.3801103470827608
9,0.02,0.37195308928300314
9,0.02,0.3776255830326894
9,0.02,0.3888829663163051
9,0.02,0.3766112174819379
9,0.02,0.39077886889960306
9,0.04,0.1892779309496594
9,0.04,0.185247487933763
9,0.04,0.20869142571658206
9,0.04,0.19479588381558036
9,0.04,0.18819803759882536
9,0.04,0.1884963317172757
9,0.04,0.18616132161502416
9,0.04,0.1869902236503549
9,0.04,0.18454384196666068
9,0.04,0.19202503728253456
9,0.08,0.09266997334974197
9,0.08,0.0928245145167845
9,0.08,0.09525543423369527
9,0.08,0.09934431115010132
9,0.08,0.09090889759827406
9,0.08,0.09178616133285686
9,0.08,0.09492461816795791
9,0.08,0.09246931968373247
9,0.08,0.09198527676635422
9,0.08,0.09208201705090081
9,0.16,0.048911513683075704
9,0.16,0.04819596635061316
9,0.16,0.048478406782184416
9,0.16,0.04776256828336045
9,0.16,0.04960916648269631
9,0.16,0.047377814517434065
9,0.16,0.04680308821649912
9,0.16,0.046492128683409344
9,0.16,0.048779626215885705
9,0.16,0.04889147696667351
10,0.005,1.3455131617510536
10,0.005,1.5193800725178639
10,0.005,1.3472081191507945
10,0.005,1.362322198083469
10,0.005,1.3484382016817107
10,0.005,1.3755321046492706
10,0.005,1.382063294465964
10,0.005,1.356997502965775
10,0.005,1.3662270155677105
10,0.005,1.3564949453847173
10,0.01,0.6760327841155231
10,0.01,0.6924653885168178
10,0.01,0.6668885044986382
10,0.01,0.6784924988324443
10,0.01,0.679255674800758
10,0.01,0.6844978624004094
10,0.01,0.6803716967173387
10,0.01,0.6736994511331431
10,0.01,0.6886975041493618
10,0.01,0.7111091831990052
10,0.02,0.33666680635069496
10,0.02,0.34741960670022914
10,0.02,0.3407596132155353
10,0.02,0.33531411529984323
10,0.02,0.33774384555096426
10,0.02,0.33691727980040015
10,0.02,0.3376335438166279
10,0.02,0.3642218703830925
10,0.02,0.35067395451672684
10,0.02,0.33054660848380685
10,0.04,0.16754921951602833
10,0.04,0.16503315061563625
10,0.04,0.16940971314907075
10,0.04,0.16587124818276303
10,0.04,0.17159215009887702
10,0.04,0.16809748308345054
10,0.04,0.1674651573509133
10,0.04,0.16915282995129624
10,0.04,0.16712297048264493
10,0.04,0.17007422135017503
10,0.08,0.08801880623213947
10,0.08,0.08590305043423238
10,0.08,0.08352169201631719
10,0.08,0.08386400473342898
10,0.08,0.08479880124990208
10,0.08,0.09086929343369168
10,0.08,0.08565640201753316
10,0.08,0.08874415686780897
10,0.08,0.08299813255046805
10,0.08,0.08436005226685665
10,0.16,0.04180926856740067
10,0.16,0.04184829078343076
10,0.16,0.04272693324989329
10,0.16,0.041939866201331215
10,0.16,0.043948590949488185
10,0.16,0.042908804382508
10,0.16,0.042312008016354714
10,0.16,0.04247643796843477
10,0.16,0.04216621758338685
10,0.16,0.042636243366481114
11,0.005,1.2580454606834488
11,0.005,1.2436654142996606
11,0.005,1.2292421311334085
11,0.005,1.2665503146340293
11,0.005,1.2206409165655108
11,0.005,1.2286316029824471
11,0.005,1.3275122417001208
11,0.005,1.2811299309832975
11,0.005,1.273723247484304
11,0.005,1.2634701741839913
11,0.01,0.6195241157993829
11,0.01,0.6398055147340832
11,0.01,0.6524299654838008
11,0.01,0.6201724176159283
11,0.01,0.614067165266412
11,0.01,0.6284529412844374
11,0.01,0.6563316112345395
11,0.01,0.6175535777835951
11,0.01,0.6135527735498424
11,0.01,0.6488104578495647
11,0.02,0.30566584946742903
11,0.02,0.3122011498683908
11,0.02,0.32372398365017335
11,0.02,0.31111859176695966
11,0.02,0.30834565775003286
11,0.02,0.33308702111632255
11,0.02,0.31436262573309554
11,0.02,0.3045223497669213
11,0.02,0.3086421509836024
11,0.02,0.3083848884833666
11,0.04,0.1547660527653837
11,0.04,0.15298921884968877
11,0.04,0.15878796436591075
11,0.04,0.15719802944998568
11,0.04,0.15936610570061022
11,0.04,0.15777135423462216
11,0.04,0.1545160201494582
11,0.04,0.15004663868263984
11,0.04,0.15042660956581433
11,0.04,0.15483877898271506
11,0.08,0.0796360064841186
11,0.08,0.07512254138321926
11,0.08,0.07588380951589595
11,0.08,0.08055321513287102
11,0.08,0.0781510797329247
11,0.08,0.0746729726495687
11,0.08,0.07485858513391577
11,0.08,0.08248905193371077
11,0.08,0.07616569911673045
11,0.08,0.07716443708438116
11,0.16,0.042147820982305954
11,0.16,0.038266732283712676
11,0.16,0.03848043503239751
11,0.16,0.038030538133655985
11,0.16,0.039872084850988664
11,0.16,0.03871256548251646
11,0.16,0.038089709201206766
11,0.16,0.03806461528292857
11,0.16,0.03822556303348392
11,0.16,0.03867453061781513
12,0.005,1.1609588713831422
12,0.005,1.1187521941494196
12,0.005,1.1590325808501802
12,0.005,1.146704751815802
12,0.005,1.1729763760503071
12,0.005,1.1399572826514486
12,0.005,1.132421887316741
12,0.005,1.137734266682916
12,0.005,1.1494008301990106
12,0.005,1.1186633907840586
12,0.01,0.5792380060825962
12,0.01,0.5830642531509511
12,0.01,0.5591828672681004
12,0.01,0.5590710571831248
12,0.01,0.5681495998501002
12,0.01,0.5731915407503645
12,0.01,0.5913238590330973
12,0.01,0.5919113475829363
12,0.01,0.5931870834998941
12,0.01,0.5654216413172738
12,0.02,0.28109414034988733
12,0.02,0.30482401491802497
12,0.02,0.2851683289996193
12,0.02,0.3108612736493039
12,0.02,0.27988162788290843
12,0.02,0.2830072766150503
12,0.02,0.28100930101742655
12,0.02,0.2944758852167676
12,0.02,0.28387464173332166
12,0.02,0.28640989923345234
12,0.04,0.15308102605049498
12,0.04,0.14745550481602548
12,0.04,0.1461556635001519
12,0.04,0.140741462817338
12,0.04,0.13996024670001742
12,0.04,0.14181553843275954
12,0.04,0.13969434496636193
12,0.04,0.14384063776621284
12,0.04,0.139965335316568
12,0.04,0.1381046876835171
12,0.08,0.07000889133390349
12,0.08,0.07147364073316567
12,0.08,0.06908964778413065
12,0.08,0.06920219289992625
12,0.08,0.07146066794909227
12,0.08,0.0698875351343304
12,0.08,0.06876460643252358
12,0.08,0.06992706919942672
12,0.08,0.07069626926677301
12,0.08,0.07564840563184892
12,0.16,0.03586165184970014
12,0.16,0.03871820959999847
12,0.16,0.035873262782115486
12,0.16,0.03646393659873866
12,0.16,0.03544116338404516
12,0.16,0.03537777760066092
12,0.16,0.03561829178361222
12,0.16,0.03678099588335802
12,0.16,0.03676089786652786
12,0.16,0.03633280080005837
VACC,AMD EPYC 75F3 2.95GHz