Cores, Res, Time
1,0.005,36.17318333333333
1,0.005,36.43568333333333
1,0.005,36.202866666666644
1,0.005,36.47006666666669
1,0.005,36.20391666666668
1,0.005,36.62656666666668
1,0.005,36.19453333333331
1,0.005,36.09740000000008
1,0.005,36.14191666666666
1,0.005,36.28149999999999
1,0.01,8.902599999999923
1,0.01,8.82578333333331
1,0.01,8.846350000000045
1,0.01,8.851566666666622
1,0.01,8.859116666666644
1,0.01,8.82421666666669
1,0.01,8.883600000000055
1,0.01,8.846616666666645
1,0.01,8.931499999999991
1,0.01,8.829949999999977
1,0.02,2.6411499999999553
1,0.02,2.6958333333333333
1,0.02,2.648166666666657
1,0.02,2.683333333333333
1,0.02,2.645583333333343
1,0.02,2.637766666666721
1,0.02,2.632816666666622
1,0.02,2.646883333333244
1,0.02,2.6403666666666443
1,0.02,2.643233333333289
1,0.04,0.4549499999999777
1,0.04,0.44583333333333336
1,0.04,0.4434833333334003
1,0.04,0.44713333333335564
1,0.04,0.4432166666666793
1,0.04,0.44688333333336533
1,0.04,0.4460833333333236
1,0.04,0.4435000000000097
1,0.04,0.4471499999999651
1,0.04,0.44973333333340026
1,0.08,0.22161666666664434
1,0.08,0.22004999999990105
1,0.08,0.22291666666666668
1,0.08,0.22161666666664434
1,0.08,0.22031666666662203
1,0.08,0.22316666666665697
1,0.08,0.22134999999992336
1,0.08,0.22396666666669868
1,0.08,0.22213333333335564
1,0.08,0.22135000000004462
1,0.16,0.11119999999997769
1,0.16,0.11066666666665696
1,0.16,0.11146666666669867
1,0.16,0.1109333333332567
1,0.16,0.11094999999998739
1,0.16,0.11094999999998739
1,0.16,0.11145000000008926
1,0.16,0.11144999999996799
1,0.16,0.112233333333279
1,0.16,0.1119833333332887
2,0.005,18.369783333333423
2,0.005,18.26354999999991
2,0.005,18.30053333333332
2,0.005,18.083333333333332
2,0.005,18.247916666666665
2,0.005,18.239316666666614
2,0.005,18.459883333333345
2,0.005,18.791933333333265
2,0.005,18.261449999999968
2,0.005,18.42005000000002
2,0.01,4.450783333333311
2,0.01,4.451833333333343
2,0.01,4.459900000000077
2,0.01,4.439316666666612
2,0.01,4.421616666666645
2,0.01,4.4309833333334
2,0.01,4.445566666666734
2,0.01,4.453383333333355
2,0.01,4.544533333333311
2,0.01,4.448949999999968
2,0.02,1.3288999999999456
2,0.02,1.323166666666657
2,0.02,1.33176666666659
2,0.02,1.3643166666667337
2,0.02,1.3252499999999903
2,0.02,1.323949999999968
2,0.02,1.3317666666667114
2,0.02,1.3296999999999874
2,0.02,1.330466666666689
2,0.02,1.3265500000000126
2,0.04,0.2265500000000126
2,0.04,0.22630000000002232
2,0.04,0.22681666666661235
2,0.04,0.224216666666689
2,0.04,0.22786666666664435
2,0.04,0.22396666666669868
2,0.04,0.224216666666689
2,0.04,0.2255166666667113
2,0.04,0.22629999999990105
2,0.04,0.22864999999995536
2,0.08,0.11223333333340027
2,0.08,0.11379999999990105
2,0.08,0.11196666666667927
2,0.08,0.1119833333332887
2,0.08,0.11171666666668897
2,0.08,0.1117333333332984
2,0.08,0.11223333333340027
2,0.08,0.11196666666667927
2,0.08,0.11171666666656771
2,0.08,0.1122500000000097
2,0.16,0.05651666666672099
2,0.16,0.05651666666672099
2,0.16,0.05625
2,0.16,0.05651666666659973
2,0.16,0.05625
2,0.16,0.05625
2,0.16,0.056783333333320724
2,0.16,0.05730000000003201
2,0.16,0.05651666666672099
2,0.16,0.05703333333343229
3,0.005,12.69323333333341
3,0.005,12.347133333333234
3,0.005,12.234366666666514
3,0.005,12.499483333333531
3,0.005,12.327083333333333
3,0.005,12.233850000000045
3,0.005,12.232033333333431
3,0.005,12.308600000000053
3,0.005,12.296366666666533
3,0.005,12.279949999999856
3,0.01,2.985149999999946
3,0.01,2.9791666666666665
3,0.01,2.9973999999999554
3,0.01,3.055733333333531
3,0.01,2.9885333333334225
3,0.01,3.003116666666756
3,0.01,3.0487000000000988
3,0.01,3.0166666666666666
3,0.01,3.0346333333332343
3,0.01,2.9908833333332345
3,0.02,0.902866666666523
3,0.02,0.8979166666666667
3,0.02,0.896866666666756
3,0.02,0.9158833333334769
3,0.02,0.8919166666666569
3,0.02,0.8932333333332887
3,0.02,0.8921833333331354
3,0.02,0.8986999999998564
3,0.02,0.8939999999999902
3,0.02,0.8963500000000446
3,0.04,0.15078333333343227
3,0.04,0.15104999999991076
3,0.04,0.15156666666662205
3,0.04,0.15156666666662205
3,0.04,0.15104999999991076
3,0.04,0.15208333333333332
3,0.04,0.15443333333338766
3,0.04,0.15208333333333332
3,0.04,0.15208333333333332
3,0.04,0.15130000000014357
3,0.08,0.0755166666667113
3,0.08,0.0752499999999903
3,0.08,0.07604999999991074
3,0.08,0.0757666666667016
3,0.08,0.07735000000005433
3,0.08,0.07629999999990104
3,0.08,0.07708333333333334
3,0.08,0.07654999999989134
3,0.08,0.07735000000005433
3,0.08,0.07683333333334304
3,0.16,0.038533333333422584
3,0.16,0.038283333333432285
3,0.16,0.038283333333189756
3,0.16,0.038549999999910746
3,0.16,0.038533333333180056
3,0.16,0.04010000000004463
3,0.16,0.03933333333334303
3,0.16,0.038549999999910746
3,0.16,0.038533333333180056
3,0.16,0.039049999999891345
4,0.005,9.324216666666567
4,0.005,9.264850000000054
4,0.005,9.365100000000044
4,0.005,9.272399999999955
4,0.005,9.427600000000044
4,0.005,9.291916666666657
4,0.005,9.453916666666677
4,0.005,9.365883333333477
4,0.005,9.328633333333224
4,0.005,9.320833333333333
4,0.01,2.2822833333334227
4,0.01,2.2648333333333235
4,0.01,2.2731833333333875
4,0.01,2.2867166666668104
4,0.01,2.301300000000144
4,0.01,2.269016666666721
4,0.01,2.286716666666568
4,0.01,2.2757833333331896
4,0.01,2.2690166666664786
4,0.01,2.29375
4,0.02,0.6755166666667113
4,0.02,0.6791666666666667
4,0.02,0.6906166666665133
4,0.02,0.6742166666668102
4,0.02,0.6820166666667016
4,0.02,0.6770833333333334
4,0.02,0.6739666666665775
4,0.02,0.676566666666622
4,0.02,0.675266666666721
4,0.02,0.6770833333333334
4,0.04,0.11641666666667637
4,0.04,0.11613333333346722
4,0.04,0.11563333333324408
4,0.04,0.11483333333332363
4,0.04,0.11563333333324408
4,0.04,0.11510000000004462
4,0.04,0.11666666666666667
4,0.04,0.11875
4,0.04,0.11563333333324408
4,0.04,0.11641666666667637
4,0.08,0.058333333333333334
4,0.08,0.05755000000014358
4,0.08,0.058083333333343035
4,0.08,0.05806666666661234
4,0.08,0.05781666666662204
4,0.08,0.05781666666662204
4,0.08,0.058600000000054324
4,0.08,0.058083333333343035
4,0.08,0.05781666666686457
4,0.08,0.05781666666662204
4,0.16,0.029416666666656967
4,0.16,0.02943333333314513
4,0.16,0.02943333333314513
4,0.16,0.02969999999986612
4,0.16,0.02994999999985642
4,0.16,0.029683333333135428
4,0.16,0.030200000000089253
4,0.16,0.029950000000098953
4,0.16,0.02968333333337796
4,0.16,0.030200000000089253
5,0.005,7.586716666666567
5,0.005,7.613016666666711
5,0.005,7.694016666666479
5,0.005,7.646883333333487
5,0.005,7.633066666666612
5,0.005,7.559366666666514
5,0.005,7.617183333333378
5,0.005,7.618233333333289
5,0.005,7.685416666666667
5,0.005,7.595316666666622
5,0.01,1.8859499999998661
5,0.01,1.8494833333332887
5,0.01,1.8541666666666667
5,0.01,1.8518166666666123
5,0.01,1.8695333333331898
5,0.01,1.8468833333334866
5,0.01,1.8505166666664687
5,0.01,1.8479166666666667
5,0.01,1.8614500000000893
5,0.01,1.870049999999901
5,0.02,0.5515499999998913
5,0.02,0.5549499999998564
5,0.02,0.5531333333332441
5,0.02,0.5528666666667656
5,0.02,0.5658999999999651
5,0.02,0.5601499999999456
5,0.02,0.5528666666667656
5,0.02,0.557816666666622
5,0.02,0.5505166666667113
5,0.02,0.5685000000000097
5,0.04,0.0942666666667113
5,0.04,0.09401666666647847
5,0.04,0.093483333333279
5,0.04,0.09608333333332363
5,0.04,0.09453333333343229
5,0.04,0.094016666666721
5,0.04,0.093216666666558
5,0.04,0.09583333333333334
5,0.04,0.09583333333333334
5,0.04,0.0942666666667113
5,0.08,0.049216666666810245
5,0.08,0.047399999999955374
5,0.08,0.04791666666666667
5,0.08,0.04791666666666667
5,0.08,0.04740000000019791
5,0.08,0.048450000000108656
5,0.08,0.04818333333338766
5,0.08,0.04844999999986612
5,0.08,0.048700000000098956
5,0.08,0.047149999999965074
5,0.16,0.025249999999990298
5,0.16,0.025266666666720995
5,0.16,0.026833333333343035
5,0.16,0.024733333333279005
5,0.16,0.024733333333279005
5,0.16,0.023966666666577416
5,0.16,0.02448333333328871
5,0.16,0.025516666666711294
5,0.16,0.024216666666810247
5,0.16,0.025266666666478463
6,0.005,6.561983333333289
6,0.005,6.564316666666612
6,0.005,6.807283333333422
6,0.005,6.923183333333387
6,0.005,6.596366666666532
6,0.005,6.553383333333477
6,0.005,6.823166666666657
6,0.005,6.628399999999965
6,0.005,6.964833333333323
6,0.005,6.452083333333333
6,0.01,1.6119833333332887
6,0.01,1.5861999999998564
6,0.01,1.599733333333279
6,0.01,1.5841166666667656
6,0.01,1.6041666666666667
6,0.01,1.5880333333331995
6,0.01,1.5757833333334323
6,0.01,1.688799999999901
6,0.01,1.601833333333343
6,0.01,1.5952999999998914
6,0.02,0.48568333333338765
6,0.02,0.48931666666661233
6,0.02,0.48438333333324407
6,0.02,0.4783833333332344
6,0.02,0.49896666666681994
6,0.02,0.4783833333332344
6,0.02,0.5135333333334225
6,0.02,0.47318333333338763
6,0.02,0.4841166666667656
6,0.02,0.4786499999999554
6,0.04,0.08046666666656771
6,0.04,0.08228333333342258
6,0.04,0.080983333333279
6,0.04,0.08308333333334303
6,0.04,0.0807333333332887
6,0.04,0.07994999999985643
6,0.04,0.08229999999991075
6,0.04,0.08228333333342258
6,0.04,0.08306666666661235
6,0.04,0.08646666666657742
6,0.08,0.041916666666656964
6,0.08,0.04245000000009895
6,0.08,0.04426666666671129
6,0.08,0.04323333333328871
6,0.08,0.041666666666666664
6,0.08,0.041416666666676365
6,0.08,0.04321666666655801
6,0.08,0.043500000000009705
6,0.08,0.041149999999955375
6,0.08,0.041933333333145126
6,0.16,0.021350000000044625
6,0.16,0.021866666666513386
6,0.16,0.022650000000188204
6,0.16,0.02213333333323438
6,0.16,0.023700000000098954
6,0.16,0.02238333333322468
6,0.16,0.022649999999945672
6,0.16,0.02318333333338766
6,0.16,0.024216666666567712
6,0.16,0.021866666666755918
7,0.005,6.29375
7,0.005,6.337233333333521
7,0.005,6.274466666666558
7,0.005,6.311200000000099
7,0.005,6.339583333333334
7,0.005,6.564316666666612
7,0.005,6.3382833333334325
7,0.005,6.277616666666533
7,0.005,6.328916666666676
7,0.005,6.6065166666664785
7,0.01,1.5473999999999555
7,0.01,1.5343833333332442
7,0.01,1.578650000000198
7,0.01,1.5648500000000543
7,0.01,1.562233333333279
7,0.01,1.547133333333477
7,0.01,1.5455666666666124
7,0.01,1.637766666666721
7,0.01,1.536200000000099
7,0.01,1.623433333333378
7,0.02,0.4932333333332887
7,0.02,0.4820333333334323
7,0.02,0.4656166666665134
7,0.02,0.4638000000001436
7,0.02,0.4588666666665328
7,0.02,0.4573000000001533
7,0.02,0.475
7,0.02,0.46406666666662205
7,0.02,0.462233333333279
7,0.02,0.47188333333324406
7,0.04,0.08098333333352153
7,0.04,0.0807333333332887
7,0.04,0.08019999999984671
7,0.04,0.08254999999990105
7,0.04,0.080983333333279
7,0.04,0.08021666666657741
7,0.04,0.08046666666681025
7,0.04,0.08254999999990105
7,0.04,0.07968333333337796
7,0.04,0.0814999999999903
7,0.08,0.041916666666656964
7,0.08,0.04218333333337796
7,0.08,0.041149999999955375
7,0.08,0.04088333333323438
7,0.08,0.04063333333324408
7,0.08,0.04061666666675592
7,0.08,0.041149999999955375
7,0.08,0.041149999999955375
7,0.08,0.04426666666671129
7,0.08,0.04296666666656771
7,0.16,0.022400000000197907
7,0.16,0.021866666666755918
7,0.16,0.021616666666765618
7,0.16,0.021616666666523086
7,0.16,0.02238333333346721
7,0.16,0.021350000000044625
7,0.16,0.021350000000044625
7,0.16,0.023966666666577416
7,0.16,0.022399999999955376
7,0.16,0.023700000000098954
8,0.005,6.100516666666711
8,0.005,6.10703333333319
8,0.005,6.10625
8,0.005,6.109366666666756
8,0.005,6.19895000000009
8,0.005,6.191666666666666
8,0.005,6.29478333333318
8,0.005,6.1119833333332885
8,0.005,6.1875
8,0.005,6.183850000000045
8,0.01,1.5075500000001436
8,0.01,1.488799999999901
8,0.01,1.504683333333378
8,0.01,1.5051999999998467
8,0.01,1.51771666666682
8,0.01,1.5145833333333334
8,0.01,1.5020833333333334
8,0.01,1.4976666666666765
8,0.01,1.5445333333331897
8,0.01,1.518483333333279
8,0.02,0.450266666666721
8,0.02,0.45260000000004463
8,0.02,0.45495000000009894
8,0.02,0.45208333333333334
8,0.02,0.4533833333334769
8,0.02,0.45806666666685486
8,0.02,0.4518166666668549
8,0.02,0.45208333333333334
8,0.02,0.44948333333353124
8,0.02,0.4468833333332441
8,0.04,0.07811666666651339
8,0.04,0.07916666666666666
8,0.04,0.08201666666670158
8,0.04,0.0817666666667113
8,0.04,0.08046666666656771
8,0.04,0.07994999999985643
8,0.04,0.081516666666721
8,0.04,0.0817666666667113
8,0.04,0.07838333333323438
8,0.04,0.07889999999994567
8,0.08,0.04453333333343228
8,0.08,0.041666666666666664
8,0.08,0.04063333333324408
8,0.08,0.04009999999980209
8,0.08,0.040633333333486614
8,0.08,0.041666666666666664
8,0.08,0.041149999999955375
8,0.08,0.03985000000005433
8,0.08,0.041149999999955375
8,0.08,0.04009999999980209
8,0.16,0.021083333333323632
8,0.16,0.020833333333333332
8,0.16,0.02110000000005433
8,0.16,0.021083333333323632
8,0.16,0.02056666666661234
8,0.16,0.021366666666775322
8,0.16,0.021350000000044625
8,0.16,0.021083333333323632
8,0.16,0.021616666666765618
8,0.16,0.021350000000044625
9,0.005,5.966416666666676
9,0.005,6.078649999999955
9,0.005,5.985683333333387
9,0.005,6.047133333333234
9,0.005,6.039316666666612
9,0.005,6.058333333333334
9,0.005,6.050266666666721
9,0.005,6.024483333333289
9,0.005,6.033333333333333
9,0.005,5.99399999999999
9,0.01,1.4846333333332344
9,0.01,1.4810000000000096
9,0.01,1.4601499999999457
9,0.01,1.4843833333334866
9,0.01,1.4867166666665677
9,0.01,1.476566666666622
9,0.01,1.4791666666666667
9,0.01,1.503650000000198
9,0.01,1.4625
9,0.01,1.467183333333378
9,0.02,0.4377499999999903
9,0.02,0.44869999999985644
9,0.02,0.44139999999994567
9,0.02,0.4526166666667753
9,0.02,0.4382833333334323
9,0.02,0.4375
9,0.02,0.4408833333334769
9,0.02,0.444016666666721
9,0.02,0.4466000000000349
9,0.02,0.43854999999991073
9,0.04,0.075266666666721
9,0.04,0.07708333333333334
9,0.04,0.07630000000014357
9,0.04,0.07760000000004462
9,0.04,0.07735000000005433
9,0.04,0.07708333333333334
9,0.04,0.07630000000014357
9,0.04,0.08125
9,0.04,0.07578333333343229
9,0.04,0.07708333333333334
9,0.08,0.03931666666685487
9,0.08,0.04063333333324408
9,0.08,0.04009999999980209
9,0.08,0.03906666666662204
9,0.08,0.040633333333486614
9,0.08,0.03958333333333333
9,0.08,0.03906666666662204
9,0.08,0.038283333333432285
9,0.08,0.038549999999910746
9,0.08,0.04009999999980209
9,0.16,0.02213333333323438
9,0.16,0.02031666666662204
9,0.16,0.02056666666661234
9,0.16,0.022649999999945672
9,0.16,0.02056666666685487
9,0.16,0.020583333333343036
9,0.16,0.02056666666661234
9,0.16,0.020833333333333332
9,0.16,0.020833333333333332
9,0.16,0.020583333333343036
10,0.005,5.866416666666677
10,0.005,5.939066666666622
10,0.005,5.874216666666568
10,0.005,5.923700000000099
10,0.005,5.884633333333235
10,0.005,5.896866666666756
10,0.005,5.901300000000144
10,0.005,5.891400000000188
10,0.005,5.834633333333477
10,0.005,5.8554666666668105
10,0.01,1.4333333333333333
10,0.01,1.435933333333378
10,0.01,1.4276000000000446
10,0.01,1.4299500000000989
10,0.01,1.4276000000000446
10,0.01,1.4317833333331995
10,0.01,1.4531166666667559
10,0.01,1.4364500000000893
10,0.01,1.4541666666666666
10,0.01,1.437766666666721
10,0.02,0.42968333333337794
10,0.02,0.42889999999994566
10,0.02,0.42733333333332363
10,0.02,0.4341166666665231
10,0.02,0.4317666666667113
10,0.02,0.4341166666665231
10,0.02,0.4346333333334769
10,0.02,0.43228333333342256
10,0.02,0.42889999999994566
10,0.02,0.4335833333333236
10,0.04,0.07629999999990104
10,0.04,0.0744833333332887
10,0.04,0.07603333333342259
10,0.04,0.0747500000000097
10,0.04,0.0755166666667113
10,0.04,0.0744833333332887
10,0.04,0.075
10,0.04,0.074733333333279
10,0.04,0.0744833333332887
10,0.04,0.0755166666667113
10,0.08,0.03801666666646876
10,0.08,0.03931666666661234
10,0.08,0.038799999999901046
10,0.08,0.038549999999910746
10,0.08,0.03881666666663174
10,0.08,0.03776666666647846
10,0.08,0.03801666666646876
10,0.08,0.037766666666720995
10,0.08,0.0375
10,0.08,0.03906666666662204
10,0.16,0.02056666666661234
10,0.16,0.019783333333422585
10,0.16,0.019799999999910747
10,0.16,0.020299999999891346
10,0.16,0.019783333333422585
10,0.16,0.020583333333343036
10,0.16,0.020050000000143578
10,0.16,0.020049999999901046
10,0.16,0.019533333333432285
10,0.16,0.02031666666662204
11,0.005,5.772133333333477
11,0.005,5.789583333333334
11,0.005,5.765883333333234
11,0.005,5.76875
11,0.005,5.754683333333378
11,0.005,5.754166666666666
11,0.005,5.766916666666657
11,0.005,5.766666666666667
11,0.005,5.827866666666523
11,0.005,5.773433333333378
11,0.01,1.4177166666665775
11,0.01,1.3958333333333333
11,0.01,1.4083333333333334
11,0.01,1.4205666666668548
11,0.01,1.4054666666665676
11,0.01,1.4044333333333876
11,0.01,1.4291666666666667
11,0.01,1.41875
11,0.01,1.4114500000000894
11,0.01,1.4174333333333682
11,0.02,0.42291666666666666
11,0.02,0.4197833333331801
11,0.02,0.42266666666667635
11,0.02,0.41848333333352156
11,0.02,0.4200500000001436
11,0.02,0.41979999999991074
11,0.02,0.42318333333338765
11,0.02,0.42004999999990106
11,0.02,0.42239999999995537
11,0.02,0.426566666666622
11,0.04,0.07370000000009895
11,0.04,0.07421666666656772
11,0.04,0.07421666666681025
11,0.04,0.07681666666661234
11,0.04,0.07239999999995538
11,0.04,0.07291666666666667
11,0.04,0.07239999999995538
11,0.04,0.07630000000014357
11,0.04,0.07291666666666667
11,0.04,0.07291666666666667
11,0.08,0.0372500000000097
11,0.08,0.0375
11,0.08,0.03671666666681025
11,0.08,0.0375
11,0.08,0.0375
11,0.08,0.03723333333327901
11,0.08,0.03723333333352154
11,0.08,0.0375
11,0.08,0.0375
11,0.08,0.03931666666685487
11,0.16,0.019533333333189754
11,0.16,0.019266666666711292
11,0.16,0.019266666666711292
11,0.16,0.019283333333199457
11,0.16,0.019533333333432285
11,0.16,0.020050000000143578
11,0.16,0.019533333333189754
11,0.16,0.019800000000153282
11,0.16,0.019266666666711292
11,0.16,0.019533333333432285
12,0.005,5.651816666666613
12,0.005,5.648966666666578
12,0.005,5.633333333333334
12,0.005,5.653900000000188
12,0.005,5.677866666666765
12,0.005,5.650533333333442
12,0.005,5.637749999999991
12,0.005,5.641149999999955
12,0.005,5.646083333333324
12,0.005,5.64296666666681
12,0.01,1.379416666666657
12,0.01,1.375533333333442
12,0.01,1.3755166666667114
12,0.01,1.3734333333331354
12,0.01,1.3773500000000543
12,0.01,1.3846333333332344
12,0.01,1.3791666666666667
12,0.01,1.3898333333333237
12,0.01,1.3760500000001532
12,0.01,1.3776166666665328
12,0.02,0.4177166666665774
12,0.02,0.4109333333331354
12,0.02,0.41041666666666665
12,0.02,0.41485000000005434
12,0.02,0.4166666666666667
12,0.02,0.412766666666721
12,0.02,0.41041666666666665
12,0.02,0.4117166666668102
12,0.02,0.4122333333335215
12,0.02,0.41406666666662206
12,0.04,0.07110000000005433
12,0.04,0.07188333333324408
12,0.04,0.07083333333333333
12,0.04,0.07058333333334303
12,0.04,0.07135000000004463
12,0.04,0.07083333333333333
12,0.04,0.07160000000003493
12,0.04,0.07083333333333333
12,0.04,0.07083333333333333
12,0.04,0.07108333333332363
12,0.08,0.03620000000009895
12,0.08,0.03593333333337796
12,0.08,0.03568333333338766
12,0.08,0.03619999999985642
12,0.08,0.035666666666656965
12,0.08,0.035666666666656965
12,0.08,0.03593333333337796
12,0.08,0.03620000000009895
12,0.08,0.03619999999985642
12,0.08,0.036183333333368255
12,0.16,0.01875
12,0.16,0.01875
12,0.16,0.01875
12,0.16,0.0185000000000097
12,0.16,0.01926666666646876
12,0.16,0.020050000000143578
12,0.16,0.01875
12,0.16,0.01901666666647846
12,0.16,0.0189999999999903
12,0.16,0.01901666666647846
Lenovo,AMD Ryzen 5 5600H 3.3GHz